1 1 840 200 400 200 40
1 2 1605 200 400 200 40
1 3 1825 200 400 200 40
1 4 2045 200 400 200 40
1 5 2265 200 400 200 40
1 6 2485 200 400 200 40
1 7 2705 200 400 200 40
1 8 2925 200 400 200 40
1 9 3145 200 400 200 40
1 10 3365 200 400 200 40
1 11 3585 200 400 200 40
1 12 3805 200 400 200 40
1 13 4025 200 400 200 40
1 14 4245 200 400 200 40
1 15 4465 200 400 200 40
1 16 4685 200 400 200 40
1 17 4905 200 400 200 40
1 18 5125 200 400 200 40
1 19 5345 200 400 200 40
1 20 5565 200 400 200 40
1 21 5785 200 400 200 40
1 22 6005 200 400 200 40
1 23 6225 200 400 200 40
1 24 6445 200 400 200 40
1 25 6665 200 400 200 40
1 26 6885 200 400 200 40
1 27 7105 200 400 200 40
1 28 7325 200 400 200 40
1 29 7545 200 400 200 40
1 30 7765 200 400 200 40
1 31 7985 200 400 200 40
1 32 8205 200 400 200 40
1 33 8425 200 400 200 40
1 34 8645 200 400 200 40
1 35 8865 200 400 200 40
1 36 9085 200 400 200 40
1 37 9305 200 400 200 40
1 38 9525 200 400 200 40
1 39 9745 200 400 200 40
1 40 9965 200 400 200 40
1 41 10185 200 400 200 40
1 42 10405 200 400 200 40
1 43 10625 200 400 200 40
1 44 10845 200 400 200 40
1 45 11065 200 400 200 40
1 46 11285 200 400 200 40
1 47 11505 200 400 200 40
1 48 11725 200 400 200 40
1 49 11945 200 400 200 40
1 50 12165 200 400 200 40
1 51 12385 200 400 200 40
1 52 12605 200 400 200 40
1 53 12825 200 400 200 40
1 54 13045 200 400 200 40
1 55 13265 200 400 200 40
1 56 13485 200 400 200 40
1 57 13705 200 400 200 40
1 58 13925 200 400 200 40
1 59 14145 200 400 200 40
1 60 14365 200 400 200 40
1 61 14585 200 400 200 40
1 62 14805 200 400 200 40
1 63 15025 200 400 200 40
1 64 15245 200 400 200 40
1 65 15465 200 400 200 40
1 66 15685 200 400 200 40
1 67 15905 200 400 200 40
1 68 16125 200 400 200 40
1 69 16345 200 400 200 40
1 70 16565 200 400 200 40
1 71 16785 200 400 200 40
1 72 17005 200 400 200 40
1 73 17225 200 400 200 40
1 74 17445 200 400 200 40
1 75 17665 200 400 200 40
1 76 17885 200 400 200 40
1 77 18105 200 400 200 40
1 78 18325 200 400 200 40
1 79 18545 200 400 200 40
1 80 18765 200 400 200 40
1 81 18985 200 400 200 40
1 82 19205 200 400 200 40
1 83 19425 200 400 200 40
1 84 19645 200 400 200 40
1 85 19865 200 400 200 40
1 86 20085 200 400 200 40
1 87 20305 200 400 200 40
1 88 20525 200 400 200 40
1 89 20745 200 400 200 40
1 90 20965 200 400 200 40
1 91 21185 200 400 200 40
1 92 21405 200 400 200 40
1 93 21625 200 400 200 40
1 94 21845 200 400 200 40
1 95 22065 200 400 200 40
1 96 22285 200 400 200 40
1 97 22505 200 400 200 40
1 98 22725 200 400 200 40
1 99 22945 200 400 200 40
1 100 23165 200 400 200 40
1 101 23385 200 400 200 40
1 102 23605 200 400 200 40
1 103 23825 200 400 200 40
1 104 24045 200 400 200 40
1 105 24265 200 400 200 40
1 106 24485 200 400 200 40
1 107 24705 200 400 200 40
1 108 24925 200 400 200 40
1 109 25145 200 400 200 40
1 110 25365 200 400 200 40
1 111 25585 200 400 200 40
1 112 25805 200 400 200 40
1 113 26025 200 400 200 40
1 114 26245 200 400 200 40
1 115 26465 200 400 200 40
1 116 26685 200 400 200 40
1 117 26905 200 400 200 40
1 118 27125 200 400 200 40
1 119 27345 200 400 200 40
1 120 27565 200 400 200 40
1 121 27785 200 400 200 40
1 122 28005 200 400 200 40
1 123 28225 200 400 200 40
1 124 28445 200 400 200 40
1 125 28665 200 400 200 40
1 126 28885 200 400 200 40
1 127 29105 200 400 200 40
1 128 29325 200 400 200 40
1 129 29545 200 400 200 40
1 130 29765 200 400 200 40
1 131 29985 200 400 200 40
1 132 30205 200 400 200 40
1 133 30425 200 400 200 40
1 134 30645 200 400 200 40
1 135 30865 200 400 200 40
1 136 31085 200 400 200 40
1 137 31305 200 400 200 40
1 138 31525 200 400 200 40
1 139 31745 200 400 200 40
1 140 31965 200 400 200 40
1 141 32185 200 400 200 40
1 142 32405 200 400 200 40
1 143 32625 200 400 200 40
1 144 32845 200 400 200 40
1 145 33065 200 400 200 40
1 146 33285 200 400 200 40
1 147 33505 200 400 200 40
1 148 33725 200 400 200 40
1 149 33945 200 400 200 40
1 150 34165 200 400 200 40
1 151 34385 200 400 200 40
1 152 34605 200 400 200 40
1 153 34825 200 400 200 40
1 154 35045 200 400 200 40
1 155 35265 200 400 200 40
1 156 35485 200 400 200 40
1 157 35705 200 400 200 40
1 158 35925 200 400 200 40
1 159 36145 200 400 200 40
1 160 36365 200 400 200 40
1 161 36585 200 400 200 40
1 162 36805 200 400 200 40
1 163 37025 200 400 200 40
1 164 37245 200 400 200 40
1 165 37465 200 400 200 40
1 166 37685 200 400 200 40
1 167 37905 200 400 200 40
1 168 38125 200 400 200 40
1 169 38345 200 400 200 40
1 170 38565 200 400 200 40
1 171 38785 200 400 200 40
1 172 39005 200 400 200 40