1 1.875 1237 200 400 200 40
1 2.578 1588 200 400 200 40
2 2.817 1708 200 400 200 40
1 3.515 2057 200 400 200 40
1 3.75 2175 200 400 200 40
1 4.453 2526 200 400 200 40
2 4.692 2646 200 400 200 40
1 5.156 2878 200 400 200 40
1 5.625 3112 200 400 200 40
2 6.098 3349 200 400 200 40
1 6.562 3581 200 400 200 40
2 7.036 3818 200 400 200 40
1 7.5 4050 200 400 200 40
1 8.203 4401 200 400 200 40
1 8.32 4460 200 400 200 40
2 8.442 4521 200 400 200 40
1 9.375 4987 200 400 200 40
1 10.312 5456 200 400 200 40
1 10.781 5690 200 400 200 40
1 11.25 5925 200 400 200 40
1 11.718 6159 200 400 200 40
2 12.192 6396 200 400 200 40
1 12.656 6628 200 400 200 40
1 13.125 6862 200 400 200 40
1 13.593 7096 200 400 200 40
1 14.062 7331 200 400 200 40
2 14.536 7568 200 400 200 40
1 15 7800 200 400 200 40
1 15.468 8034 200 400 200 40
2 15.942 8271 200 400 200 40
2 16.411 8505 200 400 200 40
1 16.875 8737 200 400 200 40
2 17.231 8915 200 400 200 40
1 17.578 9089 200 400 200 40
1 17.929 9264 200 400 200 40
1 18.398 9498 200 400 200 40
1 18.75 9675 200 400 200 40
2 19.223 9911 200 400 200 40
1 19.687 10143 200 400 200 40
1 20.156 10378 200 400 200 40
1 20.625 10612 200 400 200 40
1 21.093 10846 200 400 200 40
1 21.562 11080 200 400 200 40
1 22.031 11315 200 400 200 40
1 22.5 11550 200 400 200 40
2 22.973 11786 200 400 200 40
1 23.437 12018 200 400 200 40
2 23.793 12196 200 400 200 40
1 24.375 12487 200 400 200 40
1 24.726 12663 200 400 200 40
1 25.078 12839 200 400 200 40
1 25.429 13014 200 400 200 40
1 25.781 13190 200 400 200 40
1 26.25 13425 200 400 200 40
1 26.718 13658 200 400 200 40
1 27.187 13893 200 400 200 40
2 27.661 14130 200 400 200 40
1 28.125 14362 200 400 200 40
1 28.593 14596 200 400 200 40
2 29.067 14833 200 400 200 40
1 29.531 15065 200 400 200 40
1 30 15300 200 400 200 40
1 30.468 15533 200 400 200 40
1 30.937 15768 200 400 200 40
2 31.411 16005 200 400 200 40
1 31.875 16237 200 400 200 40
2 32.348 16474 200 400 200 40
2 32.817 16708 200 400 200 40
1 33.281 16940 200 400 200 40
1 33.515 17057 200 400 200 40
1 33.75 17175 200 400 200 40
1 34.218 17409 200 400 200 40
1 34.687 17643 200 400 200 40
2 34.926 17763 200 400 200 40
1 35.156 17878 200 400 200 40
1 35.625 18112 200 400 200 40
1 36.093 18346 200 400 200 40
1 36.797 18698 200 400 200 40
2 37.036 18818 200 400 200 40
1 37.265 18932 200 400 200 40
1 37.383 18991 200 400 200 40
1 37.5 19050 200 400 200 40
1 37.968 19284 200 400 200 40
1 38.437 19518 200 400 200 40
1 38.906 19753 200 400 200 40
1 39.375 19987 200 400 200 40
1 39.843 20221 200 400 200 40
1 40.312 20456 200 400 200 40
2 40.786 20693 200 400 200 40
2 41.02 20810 200 400 200 40
1 41.25 20925 200 400 200 40
2 41.723 21161 200 400 200 40
1 42.187 21393 200 400 200 40
1 42.656 21628 200 400 200 40
2 42.895 21747 200 400 200 40
1 43.125 21862 200 400 200 40
1 43.593 22096 200 400 200 40
1 44.062 22331 200 400 200 40
1 44.531 22565 200 400 200 40
1 45 22800 200 400 200 40
1 45.468 23034 200 400 200 40
1 45.937 23268 200 400 200 40
2 46.411 23505 200 400 200 40
1 46.875 23737 200 400 200 40
1 47.343 23971 200 400 200 40
1 47.812 24206 200 400 200 40
1 48.281 24440 200 400 200 40
1 48.75 24675 200 400 200 40
2 49.223 24911 200 400 200 40
2 49.692 25146 200 400 200 40
1 50.156 25378 200 400 200 40
2 50.395 25497 200 400 200 40
1 50.625 25612 200 400 200 40
2 50.864 25732 200 400 200 40
2 51.333 25966 200 400 200 40
1 51.562 26081 200 400 200 40
2 51.801 26200 200 400 200 40
1 52.265 26432 200 400 200 40
1 52.5 26550 200 400 200 40
1 52.734 26667 200 400 200 40
1 52.968 26784 200 400 200 40
1 53.203 26901 200 400 200 40
1 53.437 27018 200 400 200 40
1 53.672 27136 200 400 200 40
1 53.906 27253 200 400 200 40
1 54.14 27370 200 400 200 40
1 54.375 27487 200 400 200 40
1 54.609 27604 200 400 200 40
1 54.843 27721 200 400 200 40
1 55.078 27839 200 400 200 40
2 55.317 27958 200 400 200 40
1 55.781 28190 200 400 200 40
2 56.254 28427 200 400 200 40
2 56.723 28661 200 400 200 40
2 57.192 28896 200 400 200 40
2 57.661 29130 200 400 200 40
2 58.129 29364 200 400 200 40
2 58.598 29599 200 400 200 40
2 59.067 29833 200 400 200 40
2 59.301 29950 200 400 200 40
2 59.536 30068 200 400 200 40
2 60.004 30302 200 400 200 40
2 60.473 30536 200 400 200 40
2 60.942 30771 200 400 200 40
2 61.411 31005 200 400 200 40
2 61.879 31239 200 400 200 40
2 62.348 31474 200 400 200 40
2 62.817 31708 200 400 200 40
1 63.047 31823 200 400 200 40
2 63.286 31943 200 400 200 40
2 63.52 32060 200 400 200 40
2 63.754 32177 200 400 200 40
2 64.223 32411 200 400 200 40
2 64.692 32646 200 400 200 40
2 65.161 32880 200 400 200 40
2 65.629 33114 200 400 200 40
2 66.098 33349 200 400 200 40
2 66.567 33583 200 400 200 40
2 66.801 33700 200 400 200 40
2 67.036 33818 200 400 200 40
2 67.504 34052 200 400 200 40
2 67.973 34286 200 400 200 40
2 68.442 34521 200 400 200 40
2 68.911 34755 200 400 200 40
2 69.379 34989 200 400 200 40
2 69.848 35224 200 400 200 40
2 70.317 35458 200 400 200 40
1 70.547 35573 200 400 200 40
2 70.786 35693 200 400 200 40
2 71.02 35810 200 400 200 40
1 71.25 35925 200 400 200 40
1 71.718 36159 200 400 200 40
1 72.187 36393 200 400 200 40
2 72.426 36513 200 400 200 40
1 72.656 36628 200 400 200 40
1 73.359 36979 200 400 200 40
1 73.593 37096 200 400 200 40
1 73.828 37214 200 400 200 40
2 74.301 37450 200 400 200 40
1 74.531 37565 200 400 200 40
1 75 37800 200 400 200 40
1 75.468 38034 200 400 200 40
1 75.937 38268 200 400 200 40
2 76.176 38388 200 400 200 40
1 76.406 38503 200 400 200 40
1 77.343 38971 200 400 200 40
1 77.812 39206 200 400 200 40
2 78.051 39325 200 400 200 40
2 78.286 39443 200 400 200 40
1 78.515 39557 200 400 200 40
1 78.75 39675 200 400 200 40
1 79.687 40143 200 400 200 40
1 79.922 40261 200 400 200 40
1 80.156 40378 200 400 200 40
2 80.395 40497 200 400 200 40
1 80.625 40612 200 400 200 40
1 80.859 40729 200 400 200 40
1 81.093 40846 200 400 200 40
1 81.328 40964 200 400 200 40
1 81.562 41081 200 400 200 40
1 81.797 41198 200 400 200 40
1 82.031 41315 200 400 200 40
1 82.265 41432 200 400 200 40
1 82.5 41550 200 400 200 40
2 82.739 41669 200 400 200 40
1 82.968 41784 200 400 200 40
2 83.208 41904 200 400 200 40
1 83.437 42018 200 400 200 40
2 83.676 42138 200 400 200 40
1 83.906 42253 200 400 200 40
2 84.145 42372 200 400 200 40
2 84.379 42489 200 400 200 40
2 84.731 42665 200 400 200 40
2 85.083 42841 200 400 200 40
1 86.25 43425 200 400 200 40
2 86.723 43661 200 400 200 40
1 87.187 43893 200 400 200 40
1 87.656 44128 200 400 200 40
1 88.125 44362 200 400 200 40
2 88.598 44599 200 400 200 40
1 89.062 44831 200 400 200 40
1 89.531 45065 200 400 200 40
1 90 45300 200 400 200 40
2 90.473 45536 200 400 200 40
1 90.937 45768 200 400 200 40
1 91.406 46003 200 400 200 40
1 91.64 46120 200 400 200 40
1 91.875 46237 200 400 200 40
1 92.343 46471 200 400 200 40
2 92.583 46591 200 400 200 40
1 92.812 46706 200 400 200 40
1 93.281 46940 200 400 200 40
1 93.75 47175 200 400 200 40
2 94.223 47411 200 400 200 40
2 94.458 47529 200 400 200 40
1 94.687 47643 200 400 200 40
1 95.156 47878 200 400 200 40
1 95.625 48112 200 400 200 40
2 96.098 48349 200 400 200 40
1 96.562 48581 200 400 200 40
1 97.031 48815 200 400 200 40
1 97.5 49050 200 400 200 40
2 97.973 49286 200 400 200 40
1 98.437 49518 200 400 200 40
1 98.906 49753 200 400 200 40
2 99.145 49872 200 400 200 40
1 99.375 49987 200 400 200 40
1 100.078 50339 200 400 200 40
1 100.781 50690 200 400 200 40
1 101.25 50925 200 400 200 40
2 101.723 51161 200 400 200 40
1 102.187 51393 200 400 200 40
1 102.656 51628 200 400 200 40
1 103.125 51862 200 400 200 40
2 103.598 52099 200 400 200 40
1 104.062 52331 200 400 200 40
1 104.531 52565 200 400 200 40
1 105 52800 200 400 200 40
2 105.473 53036 200 400 200 40
1 105.937 53268 200 400 200 40
1 106.406 53503 200 400 200 40
1 106.64 53620 200 400 200 40
1 106.875 53737 200 400 200 40
1 107.343 53971 200 400 200 40
2 107.583 54091 200 400 200 40
1 107.812 54206 200 400 200 40
1 108.281 54440 200 400 200 40
1 108.75 54675 200 400 200 40
2 109.223 54911 200 400 200 40
2 109.458 55029 200 400 200 40
1 109.687 55143 200 400 200 40
1 110.156 55378 200 400 200 40
1 110.625 55612 200 400 200 40
2 111.098 55849 200 400 200 40
1 111.562 56081 200 400 200 40
1 112.031 56315 200 400 200 40
1 112.5 56550 200 400 200 40
2 112.973 56786 200 400 200 40
1 113.437 57018 200 400 200 40
1 113.906 57253 200 400 200 40
2 114.145 57372 200 400 200 40
1 114.375 57487 200 400 200 40
1 115.078 57839 200 400 200 40
1 115.781 58190 200 400 200 40
1 116.25 58425 200 400 200 40
1 116.718 58659 200 400 200 40
2 117.192 58896 200 400 200 40
1 117.656 59128 200 400 200 40
1 118.125 59362 200 400 200 40
1 118.593 59596 200 400 200 40
1 119.062 59831 200 400 200 40
2 119.536 60068 200 400 200 40
1 120 60300 200 400 200 40
1 120.468 60534 200 400 200 40
2 120.942 60771 200 400 200 40
2 121.411 61005 200 400 200 40
1 121.875 61237 200 400 200 40
2 122.231 61415 200 400 200 40
1 122.578 61589 200 400 200 40
1 122.929 61764 200 400 200 40
1 123.398 61999 200 400 200 40
1 123.75 62175 200 400 200 40
2 124.223 62411 200 400 200 40
1 124.687 62643 200 400 200 40
1 125.156 62878 200 400 200 40
1 125.625 63112 200 400 200 40
1 126.093 63346 200 400 200 40
1 126.562 63581 200 400 200 40
1 127.031 63815 200 400 200 40
1 127.5 64050 200 400 200 40
2 127.973 64286 200 400 200 40
1 128.437 64518 200 400 200 40
2 128.793 64696 200 400 200 40
1 129.375 64987 200 400 200 40
1 129.726 65163 200 400 200 40
1 130.078 65339 200 400 200 40
1 130.429 65514 200 400 200 40
1 130.781 65690 200 400 200 40
1 131.25 65925 200 400 200 40
1 131.718 66159 200 400 200 40